#POSCAR  DFT-PBE       HF            MP2                 CCSD                 CCSD(T)
0        -22.86286684  -47.09128201  -64.51449562        -63.88887979         -64.45704557
190      -22.91448888  -47.15782503  -64.56920366        -63.9425943779       -64.5103180363
380      -22.90576522  -47.10455716  -64.55365913        -63.9157202938       -64.48885978089471
478      -22.91166328  -47.17543940  -64.56870337        -63.9503896957       -64.5131798143
570      -22.91315266  -47.17304114  -64.5694411         -63.9501509946       -64.5133420103
760      -22.88337227  -47.19842717  -64.54901298        -63.94540164         -64.49980377
950      -22.87710869  -46.94348044  -64.515128          -63.8401750536       -64.4322654361
1140     -22.89731730  -47.08369848  -64.54441401        -63.9060622387       -64.47921762533
1330     -22.88431695  -46.95560678  -64.51793222        -63.8449113304       -64.4367777597
1520     -22.80072857  -46.78268516  -64.42470202        -63.73122831         -64.33628918
1710     -22.90695681  -47.09604971  -64.5557324         -63.9183826548       -64.4916425948
1900     -22.87849364  -47.24613549  -64.5488616         -63.959749698799996  -64.50699447775122
2090     -22.84125129  -47.11429102  -64.49703304        -63.8829420881       -64.4448285929
2280     -22.86564182  -47.18843936  -64.53131243        -63.92895308         -64.48386523
2470     -22.90993947  -47.21288340  -64.57445712        -63.9671225073       -64.523746658
2660     -22.87507957  -47.20743868  -64.54137361000001  -63.9426140428       -64.49478255085192
2738     -22.90362583  -47.06518532  -64.54904791        -63.9034614705       -64.480255525
2850     -22.85143430  -47.23519422  -64.52393287        -63.9391815154       -64.4842577949
3040     -22.90191687  -47.08271696  -64.55174782        -63.90835230         -64.48330320
3230     -22.86205837  -47.20576341  -64.52996011        -63.9345695758       -64.4861211427
3306     -22.89365526  -47.03550022  -64.53769352        -63.8836180317       -64.4662925934
3420     -22.90905555  -47.18242150  -64.56804818        -63.949462637799996  -64.51332413264575
3610     -22.86475256  -47.11341293  -64.51955627        -63.8986039849       -64.4634663895
3800     -22.83789225  -46.98718575  -64.48259745        -63.83529250         -64.41460871
3990     -22.81656155  -47.33051420  -64.50909975        -63.9574412429       -64.4849653064
4180     -22.89384992  -47.22037244  -64.55865255        -63.958919845699995  -64.51265274665377
4370     -22.90026109  -47.23686224  -64.56862206        -63.9670815713       -64.522162468
4560     -22.86446083  -46.98943349  -64.50236062        -63.84882472         -64.43202803
4750     -22.81301114  -47.05686850  -64.462759          -63.843442767        -64.4082363705
4940     -22.90631413  -47.13378975  -64.55847088        -63.930348646599995  -64.49835809404819
5130     -22.85528338  -47.20000584  -64.52172992        -63.9240383701       -64.4773192196
5320     -22.87815191  -47.20629447  -64.54410553        -63.94433339         -64.49780884
5375     -22.86227935  -47.03435244  -64.50609834        -63.864362598        -64.4405296821
5510     -22.90293615  -47.20274672  -64.56257847        -63.9525637408       -64.5110545897
5700     -22.76670285  -47.06922001  -64.42414463        -63.8207837895       -64.37876414792375
5890     -22.82491200  -46.87836999  -64.45976917        -63.7848765183       -64.3777352384
6080     -22.84445174  -46.89879840  -64.48014543        -63.80248138         -64.39734339
6270     -22.81315803  -46.94448115  -64.45051367        -63.7997030082       -64.3809830966
6460     -22.90847324  -47.13106511  -64.56119634000001  -63.929621754        -64.49894551330553
6593     -22.91533854  -47.12257798  -64.56469008        -63.9287986563       -64.5016944112
6650     -22.84466248  -47.13956752  -64.50408535        -63.8969221996       -64.4548185035
6840     -22.70946848  -46.81045395  -64.34196615        -63.68676847         -64.27431033
7030     -22.89993560  -47.24590581  -64.56807707        -63.9701326827       -64.5217493651
7220     -22.87069229  -47.17506594  -64.53114708000001  -63.9258240536       -64.48304798222996
7410     -22.88064560  -46.98765320  -64.5222517         -63.8608668416       -64.4453868668
7559     -22.83304756  -47.01422161  -64.47919712        -63.8410189907       -64.4162285712
7600     -22.89861982  -47.26597612  -64.57200747        -63.98124552         -64.52886687
7790     -22.90673951  -47.15539391  -64.56146322        -63.9407126351       -64.5051086168
7980     -22.88978969  -47.03901605  -64.53185439        -63.8805608821       -64.46132930309827
8170     -22.91603691  -47.23011573  -64.57942902        -63.9728357751       -64.5289401484
8360     -22.90264974  -47.15459672  -64.55841197        -63.93700078         -64.50094629
8550     -22.89631013  -47.02001153  -64.53615169        -63.8781425435       -64.4623490155
8740     -22.89964507  -47.03316828  -64.53827274        -63.8829365001       -64.46463716816832
8930     -22.75937699  -47.10574814  -64.42372308        -63.8318448155       -64.383294044
9120     -22.91033329  -47.16734483  -64.56718804        -63.94590313         -64.50964224
9310     -22.87487411  -47.23677278  -64.54580541        -63.9552888645       -64.5042567301
9500     -22.90531410  -47.29012501  -64.5788901         -63.992956642799996  -64.53850720034329
9690     -22.91111954  -47.18334249  -64.567637          -63.9500817913       -64.5128580281
9880     -22.88187253  -47.22667401  -64.54851880        -63.95306747         -64.50368689
10070    -22.85567745  -47.08189227  -64.50690977        -63.8807500078       -64.4480567171
10260    -22.91636266  -47.12687706  -64.56521168        -63.9328795363       -64.50250498922935
10375    -22.82674344  -47.25030999  -64.50174288        -63.9286538195       -64.4693159214
10450    -22.83141784  -47.04060922  -64.47840803        -63.8482737229       -64.418290976
10640    -22.87634104  -47.25965903  -64.55246442        -63.96682178         -64.51291573
10830    -22.87508049  -47.30339059  -64.55613157        -63.9804831179       -64.5203767252
10954    -22.88861861  -47.16726046  -64.55078605        -63.9373365228       -64.4975283928
11020    -22.84865869  -47.25278241  -64.52738817        -63.94676272         -64.48987684606156
11210    -22.88913605  -47.15960244  -64.54358217        -63.9279988653       -64.4898115851
11400    -22.86843474  -47.15609312  -64.52852722        -63.91865969         -64.47789900
11590    -22.90749767  -47.10614807  -64.55826672        -63.9215420715       -64.4936476837
11780    -22.90640998  -47.19614772  -64.56570864        -63.952791321199996  -64.51271860774428
11970    -22.90821830  -47.08261340  -64.55465865        -63.9124040995       -64.4874416535
12160    -22.88329333  -46.96957116  -64.52091384        -63.85251127         -64.44124748
12350    -22.87719521  -46.98861427  -64.51645652        -63.8573113391       -64.4420845086
12540    -22.88700187  -47.12743690  -64.53829288        -63.916118581999996  -64.48226296784067
12730    -22.83315527  -47.01299422  -64.47822587        -63.8399016861       -64.4143264357
12920    -22.91600015  -47.11360068  -64.56488567        -63.92903221         -64.50083566
13110    -22.87184731  -47.01293731  -64.51474972        -63.8650164545       -64.4458591333
13300    -22.88799998  -47.02760836  -64.53214284        -63.8779976056       -64.45917867240892
13490    -22.92148234  -47.10492854  -64.56756207        -63.9286603961       -64.5017585848
13680    -22.84296577  -47.11475013  -64.50027128        -63.88696125         -64.44904354
13870    -22.88849362  -47.19689778  -64.55333484        -63.9469290023       -64.5029250533
14060    -22.84657895  -47.23471871  -64.51778517        -63.9337999962       -64.4795130611285
14250    -22.88695718  -47.20862069  -64.55040644        -63.9473055311       -64.501812606
14440    -22.81393589  -46.93429291  -64.44852696        -63.79512130         -64.37818782
14630    -22.88008333  -47.17330151  -64.54158883        -63.9298912421       -64.4888445027
14675    -22.87374784  -47.16143523  -64.5335669         -63.923313654        -64.4827546049
14820    -22.80467281  -46.95692811  -64.44709435        -63.799703215        -64.37998462119765
15010    -22.86629872  -47.25322916  -64.53960768        -63.9554339377       -64.500023296
15200    -22.88364059  -47.23495716  -64.55208474        -63.95868294         -64.50801929
15390    -22.90200230  -47.06110719  -64.5468578         -63.9005390529       -64.4776718638
15580    -22.85527197  -46.88123774  -64.48561766        -63.8013354813       -64.39901366266255
15770    -22.84803724  -47.25599771  -64.52127198        -63.9434397429       -64.4862325316
15960    -22.84750209  -47.09400779  -64.49712540        -63.87770709         -64.44223252
16150    -22.85329983  -47.03469802  -64.50191722        -63.862444186        -64.4371403667
16340    -22.91664965  -47.19905142  -64.57311130000001  -63.9570967988       -64.51690822449059
16530    -22.79017601  -47.29334764  -64.48137857        -63.927476131        -64.4565679043
16720    -22.79953045  -47.25416934  -64.48161480        -63.91573036         -64.45213775
16843    -22.83094807  -47.04785035  -64.47857536        -63.8506437326       -64.4202097642
16910    -22.86477885  -47.10275368  -64.51449592        -63.8918166076       -64.4576049668
17100    -22.90316581  -47.19411906  -64.56236244        -63.9530157408       -64.51119483422492
17290    -22.89434805  -47.15542201  -64.54677331        -63.9291372044       -64.4913596292
17480    -22.83576712  -46.84282332  -64.46028873        -63.77319983         -64.37300197
17670    -22.89043537  -47.23626100  -64.55807843        -63.9621163065       -64.5133789201
17860    -22.86731482  -47.22025733  -64.53560423        -63.9424048803       -64.49270073375173
18050    -22.84876782  -46.83100342  -64.47838828        -63.7796287358       -64.3848135534
18240    -22.89833578  -47.02591021  -64.53694056        -63.88095817         -64.46335976
18430    -22.87431921  -47.08370872  -64.52474597        -63.894005641        -64.4648678913
18620    -22.85218223  -47.12082044  -64.51057753        -63.8950368077       -64.45666651709992
18810    -22.87379837  -46.93780920  -64.50674234        -63.8318332719       -64.4258670911
