#POSCAR  DFT-PBE        HF             MP2                 CCSD                CCSD(T)             
0        -306.67777810  -616.39373434  -828.13854646       -823.0773882983001  -828.4870487728631  
190      -306.65363264  -616.03444005  -828.03615309       -822.8912199043999  -828.328812189542   
380      -306.47216256  -616.48455072  -827.91539342       -822.92355072       -828.2436797146231  
478      -306.85477051  -616.38112344  -828.23133201       -823.1289148844     -828.5345047587499  
570      -306.71783198  -616.17342592  -828.07142286       -822.959061799      -828.3743074985802  
760      -306.27556912  -615.91326540  -827.67497343       -822.5993054074     -827.9944286283238  
950      -306.79959953  -616.48354879  -828.23118269       -823.1686116244     -828.5659298171697  
1140     -306.72589483  -616.03667107  -828.0562836        -822.8854584158     -828.315967754578   
1330     -306.74888997  -616.21041114  -828.0631048        -822.9522018515     -828.3534998974794  
1520     -306.52092353  -616.02792429  -827.86627791       -822.7380380952     -828.1350758572481  
1710     -306.14325536  -615.65242726  -827.58920347       -822.4949767794     -827.9110761816902  
1900     -307.01556485  -616.63661330  -828.41563642       -823.3186133        -828.7095804350536  
2090     -306.84214905  -616.59605768  -828.3132509499999  -823.2726975457999  -828.6765909888276  
2280     -306.71665900  -616.21049878  -828.14044236       -823.0257703919     -828.4546742559563  
2470     -306.35931866  -615.62251726  -827.64609663       -822.5027720534     -827.9395733049612  
2660     -306.14872067  -615.63119952  -827.58915505       -822.44419952       -827.8549016782163  
2738     -306.73039694  -616.68187066  -828.12862214       -823.1384857544     -828.4840699976938  
2850     -306.78235287  -616.60272407  -828.25406654       -823.2115776952     -828.5895261380902  
3040     -306.71441113  -616.44777399  -828.19231423       -823.1274000495     -828.5235164621481  
3230     -306.60023577  -616.17946277  -828.09046313       -822.9882767076     -828.3967182901139  
3306     -306.45996926  -616.33834912  -827.89394406       -822.8629549144     -828.1975003576597  
3420     -306.76498921  -616.71454911  -828.27923399       -823.2505807307     -828.6173957352473  
3610     -306.62389160  -615.83443658  -828.0140094999999  -822.8344513048     -828.2969694060286  
3800     -307.16308231  -616.88484578  -828.59197966       -823.5402737054     -828.9334051544649  
3990     -306.37032402  -616.01218627  -827.76223165       -822.6847711966     -828.0662701901299  
4180     -306.18533231  -615.43496406  -827.48434946       -822.31096406       -827.7381543847906  
4370     -306.77596779  -616.48838022  -828.25484334       -823.1750928803999  -828.5707348008842  
4560     -306.66626329  -616.00660071  -828.0033366600001  -822.8583690508001  -828.2773177945818  
4750     -306.34355935  -616.04453849  -827.79316767       -822.7242862882     -828.1173034095864  
4940     -306.54969215  -616.31704202  -827.88455036       -822.8288970903     -828.1628986115041  
5130     -306.73597853  -616.74919878  -828.0677396000001  -823.0928312371     -828.3932317982882  
5320     -306.65594138  -616.26215515  -827.9712863        -822.892113438      -828.2580692921558  
5375     -306.87157537  -616.59791871  -828.1983138200001  -823.1571640054001  -828.5075669836001  
5510     -306.44462055  -615.85880538  -827.73657601       -822.5935163593     -827.9888020304252  
5700     -306.45320568  -615.81415110  -827.7021407        -822.5781511        -827.9821417205769  
5890     -305.97758685  -615.52604655  -827.22152956       -822.1236718289001  -827.4925357854635  
6080     -306.65048651  -616.22442490  -828.0415589500001  -822.9514650954001  -828.3788898123371  
6270     -306.19010953  -615.57799561  -827.58371737       -822.4526213534     -827.906257179353   
6460     -306.89279791  -616.55783651  -828.33983971       -823.2768365100001  -828.6907290029336  
6593     -306.80969896  -616.62922083  -828.3170426199999  -823.2845099461     -828.6915141893426  
6650     -306.76298823  -616.62993969  -828.25330259       -823.2247103391     -828.6208558867164  
6840     -306.60594494  -616.47523046  -828.03948397       -823.0193011636001  -828.378488545627   
7030     -306.71997170  -616.58901351  -828.1220017999999  -823.1138786275     -828.4793883205215  
7220     -306.67037633  -616.05950454  -828.0759976100001  -822.9415045400001  -828.3936573530336  
7410     -307.02439753  -616.64614880  -828.50918874       -823.4115619414     -828.8329242456459  
7559     -306.55064049  -616.06329145  -827.99522909       -822.8863263416999  -828.2995974076317  
7600     -306.52187194  -616.02681006  -827.95896389       -822.8409253217001  -828.2646478161421  
7790     -306.69586726  -616.26222158  -828.04560414       -822.9552741222999  -828.342706584802   
7980     -306.20519411  -615.84665170  -827.5114441300001  -822.4796517000001  -827.8619418426356  
8170     -306.38369287  -615.66764423  -827.7381091699999  -822.5891458245     -828.0299898744375  
8360     -306.46279979  -616.17021232  -827.9057800400001  -822.8553852064     -828.2440061991509  
8550     -306.50778251  -615.72846920  -827.9559746699999  -822.7713355985     -828.2314838866249  
8740     -306.91729784  -616.73639315  -828.3343869400001  -823.3068951158     -828.6754453954987  
8930     -306.26354956  -616.08805407  -827.6519003        -822.6289575806     -827.9802727911783  
9120     -306.29614310  -615.41064594  -827.64697361       -822.4390069649     -827.89932834447    
9310     -306.15155985  -615.57080360  -827.57027518       -822.4095207033     -827.828825433062   
9500     -306.64360511  -616.17670405  -827.9609989400001  -822.8617040500001  -828.259948554208   
9690     -306.73893199  -616.47542817  -828.1309414        -823.0907075406     -828.4861954421569  
9880     -306.45164459  -616.25670027  -827.93632699       -822.8935829442     -828.260685398527   
10070    -306.62295677  -616.48202171  -828.02267922       -822.9988030650001  -828.3573265356895  
10260    -306.78621280  -616.04803972  -828.2911489200001  -823.0976057418     -828.5844300590396  
10375    -306.61955535  -616.13835792  -828.0487928299999  -822.924639586      -828.3396193032152  
10450    -306.46610344  -615.75986335  -827.8247605700001  -822.6624806752001  -828.1262571382331  
10640    -306.70931774  -615.98477575  -828.11971452       -822.9485155583001  -828.4093899323993  
10830    -306.63139336  -616.36429837  -828.15731658       -823.0887091147     -828.4875444721708  
10954    -306.60368897  -616.53892571  -828.1131064399999  -823.0959668826999  -828.4756809629939  
11020    -306.25212203  -615.59952260  -827.68495581       -822.5375226        -828.0051124832264  
11210    -306.70255778  -616.87466497  -828.15928734       -823.2195805251     -828.5336479134925  
11400    -306.38631149  -616.30544968  -827.8187977        -822.8220086660001  -828.1782814858053  
11590    -306.32902362  -615.61595857  -827.78815228       -822.6041658877     -828.0393064041605  
11780    -306.30663502  -615.97483489  -827.74127088       -822.6630833996     -828.0506616359396  
11970    -306.62743840  -616.36966536  -828.04841089       -822.990668756      -828.3617753294462  
12160    -306.62172967  -616.47089054  -828.01791032       -822.9934198818     -828.3566346420739  
12350    -306.82031546  -616.16318571  -828.20165577       -823.0501074952     -828.4850266029184  
12540    -306.69025704  -616.31843457  -828.15785741       -823.0524345700001  -828.4662481007953  
12730    -306.50625289  -616.22063085  -827.98236922       -822.9124945455001  -828.3144965257733  
12920    -306.60323167  -616.22317404  -828.0098558        -822.9299544024     -828.3462492815557  
13110    -306.28852230  -615.52342027  -827.72655747       -822.5342344267999  -828.0002008416036  
13300    -306.91714145  -616.70401219  -828.47495734       -823.4082865992     -828.7963527638285  
13490    -306.69216723  -616.28967462  -828.1259197200001  -823.0297988366001  -828.439466606846   
13680    -305.95712229  -615.60644227  -827.43316491       -822.3057624676001  -827.7050139180766  
13870    -306.74651728  -616.31882300  -828.07262047       -822.9744890523     -828.3306970340079  
14060    -306.67146704  -616.28056164  -828.0994162        -823.01056164       -828.394086504263   
14250    -306.81191608  -616.12000966  -828.2545658500001  -823.0806306065001  -828.5451165763834  
14440    -306.51038617  -615.88805846  -827.9371524200001  -822.7813631139     -828.2290211039119  
14630    -306.92093549  -616.80408856  -828.39641204       -823.369904103      -828.754607944361   
14675    -306.38580228  -615.80486211  -827.7959692300001  -822.6692244213     -828.0932374000489  
14820    -306.98089016  -616.52360665  -828.33594182       -823.2514977784     -828.670721574308   
15010    -306.94823289  -616.34449905  -828.29051499       -823.1425300866     -828.5516452606146  
15200    -306.58011079  -615.88938627  -827.9315439100001  -822.7628072793     -828.1981787225392  
15390    -306.86259805  -616.60604738  -828.2704447399999  -823.2213797487     -828.6079070966107  
15580    -306.70958903  -615.79873465  -828.06137096       -822.8216810773     -828.2920228901223  
15770    -306.90480972  -616.43833185  -828.2662614100001  -823.1642916159001  -828.5692105801794  
15960    -306.68027465  -616.26458278  -828.0404659599999  -822.9614226056999  -828.3689739471632  
16150    -306.06452338  -615.80200383  -827.41772657       -822.3591172687     -827.7157085878141  
16340    -306.84892687  -616.84912884  -828.35211341       -823.3431288400001  -828.6902917102791  
16530    -306.11492499  -615.79964421  -827.46405253       -822.4315493542999  -827.810024864917   
16720    -306.35893724  -615.95257946  -827.7831495        -822.6809948664     -828.0753977208537  
16843    -306.81306046  -616.36393897  -828.2671589900001  -823.1543639177     -828.5586163357431  
16910    -306.66747067  -616.35978815  -828.11112436       -823.0443432341     -828.4424863007114  
17100    -306.81022092  -616.83213280  -828.24986153       -823.2891646185999  -828.6283073189782  
17290    -306.44865918  -616.26145798  -827.8663692800001  -822.8273627962001  -828.2096227533337  
17480    -306.62572455  -616.35272392  -828.04952571       -822.9935623857     -828.3835118687397  
17670    -306.69534749  -616.20687936  -828.08914456       -822.9686152309     -828.3846526009659  
17860    -306.39989755  -615.91611094  -827.82223399       -822.71911094       -828.1536017105763  
18050    -306.89435970  -616.19698602  -828.1889757700001  -823.0384755562001  -828.4576118983679  
18240    -306.62872914  -616.02232130  -828.08630273       -822.9122162020001  -828.3371517332284  
18430    -306.65479726  -616.26561583  -828.08774484       -822.9946645137     -828.3959659850943  
18620    -306.57773686  -616.02010399  -827.9320856200001  -822.7983138513     -828.2058857355905  
18810    -306.62046697  -616.34242593  -828.05268582       -822.9940893265     -828.3946868011842  
