#POSCAR  DFT-PBE                    HF                         MP2                        CCSD                       CCSD(T)
0        -2.832778637999999773e+02  -5.689289583400000083e+02  -7.627833674199999905e+02  -7.584663896099999647e+02  -7.632572093249999625e+02
190      -283.55797541              -569.27470254              -763.11533583              -758.796041279             -763.588224751
380      -2.837604726199999732e+02  -5.692885805600000140e+02  -7.632777105200000278e+02  -7.589118223642999510e+02  -7.637293194063389592e+02
478      -283.20102617              -568.67837749              -762.71083227              -758.32871827              -763.142711967
570      -283.45269831              -568.82751747              -762.9298964               -758.539733068             -763.383900415
760      -2.836835911200000169e+02  -5.692356564799999887e+02  -7.632332430699999577e+02  -7.588696943859999919e+02  -7.636969580449999739e+02
950      -283.73738256              -569.15861661              -763.24713432              -758.873493365             -763.701776618
1140     -2.832787040000000047e+02  -5.687308959299999742e+02  -7.628125002799999947e+02  -7.584441433834000463e+02  -7.632665093361559912e+02
1330     -283.79708736              -569.31017508              -763.30025653              -758.956471884             -763.787570484
1520     -2.833526251100000195e+02  -5.689114839400000392e+02  -7.628659290699999929e+02  -7.585243812989999697e+02  -7.633397813719999476e+02
1710     -283.49329120              -568.97251823              -762.99335479              -758.629485863             -763.456306215
1900     -2.835101813200000151e+02  -5.689654753900000514e+02  -7.630159135400000423e+02  -7.586412684258000354e+02  -7.634792300873870090e+02
2090     -283.67604897              -569.49265043              -763.24074966              -758.952663248             -763.727284438
2280     -2.837107590599999867e+02  -5.693284309099999518e+02  -7.632097491800000171e+02  -7.588832519110000021e+02  -7.636759596949999604e+02
2470     -283.43027263              -568.90490226              -762.95479815              -758.573780442             -763.398389373
2660     -2.837696247999999741e+02  -5.690905642500000567e+02  -7.632650243699999919e+02  -7.588608849086000419e+02  -7.637161742118889833e+02
2738     -283.56166435              -568.83022968              -763.05835973              -758.634156007             -763.49429957
2850     -283.45641813              -568.47780798              -762.94105615              -758.443092408             -763.319100476
3040     -2.834416400000000067e+02  -5.690675359299999627e+02  -7.629656346299999541e+02  -7.586281764589999739e+02  -7.634489688579999438e+02
3230     -283.54490371              -569.27552856              -763.10454064              -758.787411997             -763.586191449
3306     -283.27737384              -568.45082544              -762.79241539              -758.337710893             -763.197193427
3420     -2.840089591199999859e+02  -5.696031792799999494e+02  -7.635646976100000529e+02  -7.592147083265999754e+02  -7.640288003575169569e+02
3610     -283.60354228              -569.09586441              -763.16054537              -758.7777547               -763.598645874
3800     -2.834928080999999906e+02  -5.689199268600000323e+02  -7.630060402599999634e+02  -7.586323087250000299e+02  -7.634719158709999647e+02
3990     -283.70324559              -569.19536484              -763.29636676              -758.898121236             -763.717707239
4180     -2.834273465399999736e+02  -5.692882085200000120e+02  -7.629833749399999760e+02  -7.586976542139999538e+02  -7.634781962897139920e+02
4370     -283.58192587              -569.41167013              -763.13208874              -758.857398561             -763.644991161
4560     -2.839248120099999824e+02  -5.697532472399999506e+02  -7.634900826800000004e+02  -7.591954289950000430e+02  -7.639853973110000425e+02
4750     -283.46968237              -568.80630119              -762.94538703              -758.555804809             -763.401004676
4940     -2.834156962999999791e+02  -5.690073693800000001e+02  -7.629532875600000352e+02  -7.586165506585000458e+02  -7.634408901577610322e+02
5130     -283.58591619              -568.92574493              -763.10357521              -758.692307932             -763.540953358
5320     -2.836907274999999800e+02  -5.689906604300000481e+02  -7.631994429699999500e+02  -7.587871188120000170e+02  -7.636292673110000351e+02
5375     -283.48084310              -569.09028621              -763.03489956              -758.698752934             -763.509958819
5510     -283.64899920              -569.04614006              -763.1953713               -758.801076112             -763.649430994
5700     -2.837384435199999757e+02  -5.696999418599999672e+02  -7.633107613099999753e+02  -7.590541074064000213e+02  -7.638093686741940473e+02
5890     -283.81227668              -569.61650738              -763.3957004               -759.092862492             -763.895722226
6080     -2.836933737800000017e+02  -5.692909903700000314e+02  -7.632071573900000203e+02  -7.588685264900000220e+02  -7.636689235659999895e+02
6270     -283.59867306              -569.38647399              -763.13191517              -758.852284052             -763.645577366
6460     -2.834617165500000056e+02  -5.688352429999999913e+02  -7.629478097799999432e+02  -7.585634285531000387e+02  -7.633913700461979488e+02
6593     -283.57062130              -569.42069317              -763.12800829              -758.865217873             -763.662510306
6650     -283.41293371              -569.15107896              -762.90600516              -758.614584378             -763.404107944
6840     -2.835952547900000127e+02  -5.692978248099999519e+02  -7.631668810400000211e+02  -7.588482482250000203e+02  -7.636625098030000345e+02
7030     -283.32974615              -568.52388535              -762.83671301              -758.403702673             -763.252432583
7220     -2.834298018700000057e+02  -5.685453323399999590e+02  -7.629009330600000567e+02  -7.584481332996000447e+02  -7.633241463972680094e+02
7410     -283.56350839              -568.85513419              -763.0307101               -758.61472391              -763.460767484
7559     -283.44906265              -568.52051151              -762.96938008              -758.491666722             -763.368862669
7600     -2.834734373699999992e+02  -5.689401208900000029e+02  -7.629459993599999734e+02  -7.585872709699999632e+02  -7.633961194170000226e+02
7790     -283.72038088              -569.63156642              -763.20719179              -758.968461762             -763.735525423
7980     -2.835099242399999753e+02  -5.691513105100000303e+02  -7.630194024999999556e+02  -7.586789927669999543e+02  -7.634722217596480505e+02
8170     -283.73072948              -569.50986953              -763.31363224              -759.017923365             -763.802868907
8360     -2.836421008600000278e+02  -5.690145071700000017e+02  -7.631027949099999432e+02  -7.587187929589999840e+02  -7.635466767499999605e+02
8550     -283.58576190              -569.09109939              -763.14891124              -758.782273377             -763.619474784
8740     -2.836832448600000021e+02  -5.692418125499999633e+02  -7.632244663200000332e+02  -7.588746307559999877e+02  -7.636750982650439710e+02
8930     -283.38093725              -569.08823821              -762.8758954               -758.581237176             -763.365262948
9120     -2.833767101000000252e+02  -5.690666394899999432e+02  -7.629214537599999630e+02  -7.586110594990000209e+02  -7.634170956709999700e+02
9310     -283.73028358              -569.36372889              -763.25653225              -758.929245169             -763.736030685
9500     -2.837864011300000016e+02  -5.695631255800000190e+02  -7.633172137000000248e+02  -7.590224979170000097e+02  -7.638034037123550206e+02
9690     -283.76675768              -569.13700163              -763.28940474              -758.890472942             -763.726539049
9880     -2.833374394599999846e+02  -5.688632371200000080e+02  -7.629153870300000335e+02  -7.585397210739999991e+02  -7.633658263339999621e+02
10070    -283.75499997              -569.37131484              -763.32092506              -758.976459797             -763.802348623
10260    -2.835738771800000109e+02  -5.692732773699999598e+02  -7.631761899900000117e+02  -7.588479699340000479e+02  -7.636586466206880459e+02
10375    -283.30600735              -568.68176584              -762.77075797              -758.392658393             -763.230183628
10450    -283.66671396              -569.26298418              -763.20800796              -758.862116876             -763.682213432
10640    -2.832180389200000263e+02  -5.686940526800000271e+02  -7.627367290900000398e+02  -7.583563501119999728e+02  -7.631779845370000430e+02
10830    -283.57668573              -569.03236059              -763.14632422              -758.761649092             -763.590542991
10954    -283.39190922              -568.79979842              -762.96545733              -758.556499869             -763.404188824
11020    -2.834131006000000070e+02  -5.688503370199999836e+02  -7.628800911399999904e+02  -7.585025476859999571e+02  -7.633267515249450526e+02
11210    -283.44557639              -568.84907749              -762.94910168              -758.563477343             -763.410313365
11400    -2.839048296299999947e+02  -5.694944780199999741e+02  -7.634397483499999453e+02  -7.590994719349999968e+02  -7.639276957759999505e+02
11590    -283.62719964              -569.28503047              -763.22268782              -758.88113967              -763.699960381
11780    -2.835056213799999796e+02  -5.691578646599999729e+02  -7.630380824100000154e+02  -7.587217870670000366e+02  -7.635205308383640386e+02
11970    -283.89945370              -569.74367258              -763.41555147              -759.152158952             -763.92601856
12160    -2.834751734100000249e+02  -5.690926550100000441e+02  -7.630499880999999505e+02  -7.587092358659999718e+02  -7.635127883720000455e+02
12350    -283.66560105              -569.18601199              -763.25009814              -758.872778019             -763.699814248
12540    -2.837651717800000029e+02  -5.692094802499999560e+02  -7.632339054100000340e+02  -7.588815972569999531e+02  -7.637155224282449808e+02
12730    -283.94413420              -569.50030358              -763.50852943              -759.155495838             -763.967742933
12920    -2.835822347499999978e+02  -5.694416050600000290e+02  -7.631774067200000218e+02  -7.588901831700000002e+02  -7.636684972389999757e+02
13110    -283.76602296              -569.11330637              -763.28052286              -758.882169128             -763.727820188
13300    -2.835879008300000237e+02  -5.692291032399999722e+02  -7.630978785400000106e+02  -7.587699309350000476e+02  -7.635517162283639436e+02
13490    -283.76381260              -568.57330832              -763.24140104              -758.688818995             -763.608908012
13680    -2.837322496200000046e+02  -5.690164876699999468e+02  -7.631803679199999806e+02  -7.587651660159999665e+02  -7.635926330170000256e+02
13870    -283.62168641              -569.47116252              -763.16504177              -758.894164456             -763.679646362
14060    -2.832675918699999897e+02  -5.685624909699999989e+02  -7.627256980800000292e+02  -7.583284389520000559e+02  -7.631855431298689609e+02
14250    -283.41218710              -569.01403099              -762.97663285              -758.64105773              -763.461990068
14440    -2.835935676600000193e+02  -5.687984944099999893e+02  -7.630419545900000458e+02  -7.586125934540000344e+02  -7.634627524569999650e+02
14630    -283.64802735              -568.95214680              -763.17495376              -758.736003343             -763.586968345
14675    -283.91018914              -569.36332257              -763.41413769              -759.043930061             -763.876053562
14820    -2.837074764800000253e+02  -5.691774524300000166e+02  -7.632622478900000260e+02  -7.588826953730000469e+02  -7.637199982851609548e+02
15010    -283.62842743              -569.28187657              -763.15381454              -758.848494736             -763.65884523
15200    -2.835606182500000045e+02  -5.691732850700000199e+02  -7.631354321999999684e+02  -7.587916141020000396e+02  -7.636038940920000186e+02
15390    -283.58409375              -569.32743268              -763.13456345              -758.830461718             -763.626120788
15580    -2.837371701899999721e+02  -5.695585091699999793e+02  -7.632697497399999520e+02  -7.589959571289999758e+02  -7.637853090622729724e+02
15770    -283.66745778              -569.17987387              -763.19061839              -758.83928398              -763.655470081
15960    -2.837321572500000002e+02  -5.693267780600000378e+02  -7.632823678700000301e+02  -7.589358779640000421e+02  -7.637445071350000489e+02
16150    -283.86566979              -569.49994030              -763.43994638              -759.109744603             -763.930447802
16340    -2.837433684499999913e+02  -5.693655670499999815e+02  -7.632620124699999451e+02  -7.589407396980000158e+02  -7.637438537946979977e+02
16530    -283.21875072              -568.00733956              -762.63363619              -758.103699147             -762.99827231
16720    -2.835784106099999917e+02  -5.692189117299999452e+02  -7.631049533899999915e+02  -7.587736650389999795e+02  -7.635642330010000478e+02
16843    -283.79902251              -569.52472239              -763.33214035              -759.025516931             -763.81921313
16910    -283.46730960              -568.97217883              -763.00991069              -758.64705024              -763.483563074
17100    -2.832842562100000237e+02  -5.686595693399999618e+02  -7.627755570199999511e+02  -7.583822239370000489e+02  -7.632145634087679582e+02
17290    -283.51631599              -569.12300721              -763.08431593              -758.739152249             -763.563410683
17480    -2.837655004000000076e+02  -5.690876340400000117e+02  -7.632743965399999979e+02  -7.588395350209999606e+02  -7.636709002569999711e+02
17670    -283.79993794              -569.07490796              -763.2753821               -758.860209382             -763.717162982
17860    -2.839783593500000052e+02  -5.695222909000000300e+02  -7.635615407899999809e+02  -7.591924238459999970e+02  -7.640274835242120162e+02
18050    -283.57508219              -569.10648898              -763.08755116              -758.742508131             -763.57662762
18240    -2.834422935299999722e+02  -5.689577046399999745e+02  -7.629963627500000030e+02  -7.586338248490000069e+02  -7.634623452089999773e+02
18430    -283.62932779              -569.15117331              -763.2066585               -758.841101164             -763.662544462
18620    -2.835714040799999793e+02  -5.689039464300000191e+02  -7.630680191799999648e+02  -7.586650148319999971e+02  -7.635093141045019820e+02
18810    -283.64504397              -568.98328687              -763.1612807               -758.747156013             -763.587164373
